0.341796875
0.436734375
0.4845
0.530828125
0.550546875
0.565296875
0.571671875
0.576046875
0.5745625
0.5750625
0.57709375
0.57465625
0.57175
0.576265625
0.577359375
0.575765625
0.57540625
0.575640625
0.5753125
0.57640625
0.572859375
0.57290625
0.573296875
0.57325
0.573625
0.574484375
0.576484375
0.575203125
0.575140625
0.57215625
0.57109375
0.572046875
0.57103125
0.57196875
0.572484375
0.57440625
0.57490625
0.576609375
0.5764375
0.5779375
0.57559375
0.578375
0.57465625
0.57325
0.57109375
0.568953125
0.567671875
0.566828125
0.56696875
0.56615625
0.567953125
0.567734375
0.566859375
0.56915625
0.5715625
0.5753125
0.571984375
0.573453125
0.57484375
0.5713125
0.5736875
0.575359375
0.574984375
0.57696875
0.577859375
0.576453125
0.576953125
0.574390625
0.5748125
0.573875
0.573828125
0.574328125
0.57359375
0.574015625
0.576609375
0.57178125
0.5725625
0.57278125
0.57109375
0.570671875
0.571640625
0.5725
0.568890625
0.57059375
0.57053125
0.57134375
0.57203125
0.57175
0.570328125
0.57109375
0.56825
0.570359375
0.569984375
0.570921875
0.573921875
0.57121875
0.5705
0.56890625
0.574265625
0.5751875
