0.3313125
0.536265625
0.64165625
0.69146875
0.720078125
0.741140625
0.7499375
0.75596875
0.75609375
0.763421875
0.769609375
0.775875
0.780375
0.77734375
0.7778125
0.7804375
0.778828125
0.7783125
0.781109375
0.78659375
0.788375
0.78234375
0.78509375
0.784359375
0.7865625
0.78353125
0.78328125
0.78184375
0.78671875
0.7833125
0.7860625
0.7843125
0.7810625
0.7791875
0.779234375
0.77878125
0.77775
0.77678125
0.776921875
0.781671875
0.7834375
0.7774375
0.775859375
0.775875
0.779921875
0.779453125
0.780984375
0.7855625
0.782859375
0.783953125
0.789953125
0.7915625
0.78925
0.79028125
0.794609375
0.794890625
0.796359375
0.79378125
0.792171875
0.788921875
0.78225
0.783375
0.78825
0.786359375
0.78340625
0.77740625
0.780578125
0.778515625
0.77446875
0.774640625
0.775171875
0.777203125
0.7736875
0.781359375
0.782734375
0.7885
0.788984375
0.79071875
0.788984375
0.786953125
0.78821875
0.786171875
0.781890625
0.780671875
0.7850625
0.77675
0.779859375
0.78253125
0.7803125
0.781984375
0.77828125
0.78625
0.784171875
0.785734375
0.783296875
0.7888125
0.7918125
0.787
0.788765625
0.786953125
