0.328078125
0.619
0.728171875
0.783671875
0.815640625
0.83915625
0.8519375
0.85871875
0.864
0.865953125
0.860203125
0.869546875
0.871390625
0.863765625
0.862953125
0.87165625
0.872140625
0.87253125
0.8694375
0.866984375
0.868328125
0.87003125
0.8746875
0.868953125
0.8719375
0.8720625
0.86765625
0.864984375
0.864703125
0.864171875
0.86146875
0.86096875
0.8699375
0.869625
0.873453125
0.8701875
0.864546875
0.87428125
0.870578125
0.87053125
0.866359375
0.870640625
0.868
0.86709375
0.872265625
0.871609375
0.862515625
0.8700625
0.87109375
0.868265625
0.871765625
0.86703125
0.8658125
0.862703125
0.870296875
0.865625
0.868671875
0.866171875
0.865703125
0.870890625
0.8715625
0.8726875
0.872078125
0.8673125
0.8676875
0.874359375
0.864203125
0.869359375
0.86784375
0.867109375
0.868671875
0.868859375
0.86746875
0.865734375
0.865890625
0.8616875
0.862578125
0.868296875
0.86909375
0.866859375
0.868015625
0.86915625
0.87025
0.86484375
0.867625
0.873671875
0.870296875
0.8655625
0.86190625
0.86646875
0.86865625
0.869125
0.863765625
0.86903125
0.86346875
0.869546875
0.862453125
0.8638125
0.86984375
0.86696875
