0.3250625
0.688234375
0.7965625
0.826140625
0.831515625
0.82446875
0.841828125
0.846515625
0.85271875
0.845015625
0.845390625
0.859265625
0.856046875
0.860625
0.854015625
0.864375
0.863296875
0.86003125
0.858453125
0.8590625
0.857953125
0.853359375
0.86603125
0.86090625
0.858828125
0.854609375
0.863171875
0.85534375
0.85275
0.852921875
0.853125
0.853515625
0.8565
0.863515625
0.848265625
0.857453125
0.854171875
0.853328125
0.85890625
0.8565625
0.859109375
0.85434375
0.861734375
0.85640625
0.8530625
0.85525
0.8605625
0.851546875
0.85275
0.85615625
0.859375
0.857625
0.861328125
0.861859375
0.858984375
0.8519375
0.850421875
0.857546875
0.855375
0.853390625
0.8490625
0.85128125
0.856484375
0.849765625
0.8544375
0.848984375
0.85103125
0.854421875
0.85246875
0.857
0.854203125
0.85221875
0.850703125
0.860796875
0.858703125
0.85934375
0.8604375
0.855625
0.85846875
0.85725
0.85665625
0.86078125
0.863671875
0.861703125
0.8599375
0.86190625
0.855078125
0.857359375
0.85815625
0.8539375
0.8569375
0.860296875
0.857703125
0.86565625
0.857984375
0.85996875
0.8594375
0.860609375
0.86315625
0.85640625
